[gd_scene load_steps=3 format=3 uid="uid://de3tdunfchthr"]

[ext_resource type="PackedScene" uid="uid://djiik3hbqv5s1" path="res://assets/models/shop_man/Bunny.glb" id="1_62wpi"]
[ext_resource type="Script" uid="uid://cuugbiyc4xoqr" path="res://scripts/npc/shop_bro.gd" id="2_fv3dq"]

[node name="ShopBro" instance=ExtResource("1_62wpi")]
script = ExtResource("2_fv3dq")

[node name="Skeleton3D" parent="RootNode/CharacterArmature" index="0"]
bones/4/rotation = Quaternion(0.16683148, 4.3189968e-07, 1.03120215e-07, 0.98598546)
bones/5/rotation = Quaternion(0.09618959, -8.2847316e-07, 2.1512422e-08, 0.99536306)
bones/7/rotation = Quaternion(-0.39071864, -0.00025390703, 0.000107201646, 0.9205102)
bones/9/rotation = Quaternion(-0.010239948, -0.015900103, 0.12565047, 0.9918943)
bones/10/rotation = Quaternion(0.173347, 0.055790894, 0.04441577, 0.98227566)
bones/12/rotation = Quaternion(0.15439402, -0.043352593, 0.1317971, 0.9782191)
bones/13/rotation = Quaternion(0.54519373, -0.22278318, -0.18953386, 0.7856262)
bones/14/rotation = Quaternion(-0.13449618, -0.0327377, -0.40912697, 0.9019169)
bones/16/rotation = Quaternion(0.014786778, 0.26712275, -0.17426842, 0.9476589)
bones/28/rotation = Quaternion(-0.13449597, 0.03273826, 0.40912703, 0.9019169)
bones/30/rotation = Quaternion(0.014786744, -0.2671227, 0.17426841, 0.9476589)
bones/32/rotation = Quaternion(-0.028374938, 0.0048223804, 0.16748148, 0.98545504)
bones/35/rotation = Quaternion(-0.11277115, -0.00076991454, -0.014514264, 0.9935147)
bones/39/rotation = Quaternion(-0.0766122, 0.0015270219, 0.019867532, 0.9968619)
bones/42/rotation = Quaternion(0.96504116, 0.008584562, 0.0020786084, 0.26194966)
bones/43/rotation = Quaternion(0.5170185, 0.0063197967, 0.0085059805, 0.8559087)
bones/44/rotation = Quaternion(0.9650411, -0.00858596, -0.002078108, 0.26194972)
bones/45/rotation = Quaternion(0.5170185, -0.0063198186, -0.008506016, 0.8559087)

[node name="Ear3_L" parent="RootNode/CharacterArmature/Skeleton3D" index="1"]
transform = Transform3D(0.99976426, 0.02170774, -6.4074993e-07, 0.006387666, -0.29421568, -0.95571756, -0.020746615, 0.95549226, -0.29428497, 0.004210804, -0.003351923, 0.028693026)

[node name="Ear3_R" parent="RootNode/CharacterArmature/Skeleton3D" index="2"]
transform = Transform3D(0.9992788, -0.021707684, 0.03115363, -0.020964563, -0.99949205, -0.023986608, 0.031658497, 0.023316145, -0.9992264, -0.005922294, -0.0047622537, 0.027345348)

[node name="Pinky3_L" parent="RootNode/CharacterArmature/Skeleton3D" index="3"]
transform = Transform3D(-0.68947697, -0.5411045, 0.48148414, -0.7171776, 0.6030555, -0.34925637, -0.10137759, -0.5861137, -0.80386114, 0.0146103995, 0.0018954307, 0.0038883062)

[node name="Middle3_L" parent="RootNode/CharacterArmature/Skeleton3D" index="4"]
transform = Transform3D(-0.6398533, -0.6294128, 0.44093925, -0.7565207, 0.41498095, -0.5054379, 0.13514751, -0.6569852, -0.7416905, 0.013621472, 0.0008620154, 0.0031936867)

[node name="Index3_L" parent="RootNode/CharacterArmature/Skeleton3D" index="5"]
transform = Transform3D(-0.6828458, -0.28740183, 0.6716561, -0.72289973, 0.39862448, -0.56437093, -0.105537355, -0.8709178, -0.4799618, 0.013136812, -0.0007655774, 0.003222952)

[node name="Thumb2_L" parent="RootNode/CharacterArmature/Skeleton3D" index="6"]
transform = Transform3D(-0.60406584, -0.42462748, -0.67438567, 0.3750567, 0.59517634, -0.7107021, 0.70316195, -0.68224347, -0.20026632, 0.010400461, -0.00079482375, 0.00613508)

[node name="Pinky3_R" parent="RootNode/CharacterArmature/Skeleton3D" index="7"]
transform = Transform3D(-0.39310917, -0.53742653, -0.74608195, 0.81108063, 0.179553, -0.5566946, 0.43314353, -0.82397413, 0.36531216, -0.015108932, 0.0019073773, 0.004158931)

[node name="Middle3_R" parent="RootNode/CharacterArmature/Skeleton3D" index="8"]
transform = Transform3D(-0.56297886, -0.5053545, -0.65396625, 0.796474, -0.120497026, -0.59254503, 0.22064444, -0.8544571, 0.4703391, -0.014519261, 0.00042545225, 0.0032510874)

[node name="Index3_R" parent="RootNode/CharacterArmature/Skeleton3D" index="9"]
transform = Transform3D(-0.66553926, -0.4226867, -0.61513686, 0.74496746, -0.32583866, -0.58211017, 0.045615107, -0.84567416, 0.53174615, -0.013304718, -0.0010421957, 0.0033906696)

[node name="Thumb2_R" parent="RootNode/CharacterArmature/Skeleton3D" index="10"]
transform = Transform3D(-0.7539002, 0.23074077, -0.61513686, 0.23690067, -0.7778339, -0.58211035, -0.61279076, -0.5845796, 0.5317464, -0.010947658, -0.0011046887, 0.00553837)

[node name="LowerLeg_L" parent="RootNode/CharacterArmature/Skeleton3D" index="11"]
transform = Transform3D(0.99991286, 0.006708861, 0.009870379, -0.011925214, 0.5284058, 0.84886014, 0.0004789636, -0.848954, 0.52847564, 0.003469085, 5.7633035e-05, 0.0047162017)

[node name="LowerLeg_R" parent="RootNode/CharacterArmature/Skeleton3D" index="12"]
transform = Transform3D(0.999913, -0.006710752, -0.0098689385, 0.011924991, 0.5284058, 0.8488602, -0.0004813301, -0.8489541, 0.5284754, -0.003469096, 5.763187e-05, 0.004716201)

[node name="AnimationPlayer" parent="." index="1"]
autoplay = "CharacterArmature|Idle"
