[gd_scene load_steps=16 format=3 uid="uid://dkbvy2h7u5pcr"]

[ext_resource type="PackedScene" uid="uid://1v6tvwpp3els" path="res://scenes/chunks/chunck_master.tscn" id="1_f6ly1"]
[ext_resource type="PackedScene" uid="uid://b444y86ra1rlf" path="res://scenes/chunks/cemetery/floor.tscn" id="2_w23y8"]
[ext_resource type="ArrayMesh" uid="uid://daq0s5u0amdos" path="res://assets/obj/gravestone.obj" id="4_vjvmq"]
[ext_resource type="ArrayMesh" uid="uid://b3tetio8tnbbd" path="res://assets/obj/grave_A.obj" id="5_g4bx8"]
[ext_resource type="PackedScene" uid="uid://cghu0f7r1yoef" path="res://scenes/PreFabs/dead_tree_set.tscn" id="6_dmfb6"]
[ext_resource type="ArrayMesh" uid="uid://deodhy8jgb3cy" path="res://assets/obj/grave_A_destroyed.obj" id="6_ork1a"]
[ext_resource type="ArrayMesh" uid="uid://cv0husojli26m" path="res://assets/obj/grave_B.obj" id="7_hplq5"]
[ext_resource type="PackedScene" uid="uid://jvvsw11qtxr5" path="res://scenes/PreFabs/wall_arc.tscn" id="7_v1ew1"]
[ext_resource type="PackedScene" uid="uid://dbclt423kb5td" path="res://scenes/PreFabs/wall_fence_HHHHH.tscn" id="8_f6ly1"]
[ext_resource type="PackedScene" uid="uid://bn5rqkragfj0y" path="res://scenes/PreFabs/tree_tile_mmss.tscn" id="9_w23y8"]
[ext_resource type="PackedScene" uid="uid://tp173a4yxre8" path="res://scenes/PreFabs/benches_lantern.tscn" id="10_3spmo"]
[ext_resource type="PackedScene" uid="uid://dsg3ieupixnkq" path="res://scenes/chunks/cemetery/utils/post_lantern.tscn" id="11_vjvmq"]
[ext_resource type="PackedScene" uid="uid://bcutlfd8iin2p" path="res://scenes/PreFabs/path_way_T.tscn" id="15_f6ly1"]

[sub_resource type="BoxShape3D" id="BoxShape3D_g4bx8"]
size = Vector3(6.430664, 2.2443848, 5.9677734)

[sub_resource type="BoxShape3D" id="BoxShape3D_f6ly1"]
size = Vector3(7.244995, 2.866333, 4.115082)

[node name="CemeteryTop1" instance=ExtResource("1_f6ly1")]

[node name="Point" type="Node3D" parent="EggSpawnPoints" index="0"]
transform = Transform3D(1, 0, 0, 0, 1, 0, 0, 0, 1, -0.5174217, 0.44941187, -8.647747)

[node name="World" parent="." index="3"]
transform = Transform3D(-1, 0, -8.742278e-08, 0, 1, 0, 8.742278e-08, 0, -1, 0, 0, 0)

[node name="Floor" parent="World" index="0" instance=ExtResource("2_w23y8")]
transform = Transform3D(1, 0, 0, 0, 1, 0, 0, 0, 1, 0, 0.5, 0)

[node name="GraveA4" type="MeshInstance3D" parent="World" index="1"]
transform = Transform3D(0.83987576, 0, 0.54277873, 0, 1, 0, -0.54277873, 0, 0.83987576, 8.050154, 0.5, -5.425611)
mesh = ExtResource("5_g4bx8")
skeleton = NodePath("../..")

[node name="GraveADestroyed4" type="MeshInstance3D" parent="World" index="2"]
transform = Transform3D(0.97935706, 0, -0.2021378, 0, 1, 0, 0.2021378, 0, 0.97935706, 4.0081954, 0.5, -6.668801)
mesh = ExtResource("6_ork1a")
skeleton = NodePath("../..")

[node name="GraveADestroyed3" type="MeshInstance3D" parent="World" index="3"]
transform = Transform3D(0.85269475, 0, -0.52240926, 0, 1, 0, 0.52240926, 0, 0.85269475, 3.0886824, 0.5000005, -4.0213118)
mesh = ExtResource("6_ork1a")
skeleton = NodePath("../..")

[node name="GraveB" type="MeshInstance3D" parent="World" index="4"]
transform = Transform3D(0.9768929, 0, 0.21372949, 0, 1, 0, -0.21372949, 0, 0.9768929, 5.4727993, 0.5, -5.1178794)
mesh = ExtResource("7_hplq5")
skeleton = NodePath("../..")

[node name="StaticBody3D" type="StaticBody3D" parent="World/GraveB" index="0"]

[node name="CollisionShape3D" type="CollisionShape3D" parent="World/GraveB/StaticBody3D" index="0"]
transform = Transform3D(0.97690564, 0, -0.21367848, 0, 1, 0, 0.21367848, 0, 0.97690564, 0.34373093, 1.1195068, -0.29475522)
shape = SubResource("BoxShape3D_g4bx8")

[node name="GraveB6" type="MeshInstance3D" parent="World" index="5"]
transform = Transform3D(0.7154855, 0, -0.6986276, 0, 1, 0, 0.6986276, 0, 0.7154855, 7.880905, 0.5, -2.940221)
mesh = ExtResource("7_hplq5")
skeleton = NodePath("../..")

[node name="GraveB2" type="MeshInstance3D" parent="World" index="6"]
transform = Transform3D(0.7663809, 0, -0.64238644, 0, 1, 0, 0.64238644, 0, 0.7663809, 7.947118, 0.5, -7.282517)
mesh = ExtResource("7_hplq5")
skeleton = NodePath("../..")

[node name="DeadTreeSet" parent="World" index="7" instance=ExtResource("6_dmfb6")]
transform = Transform3D(-0.9514657, 0, -0.30775508, 0, 1, 0, 0.30775508, 0, -0.9514657, 0.7735868, 0.07521248, -0.6320495)

[node name="WallFence" parent="World" index="8" instance=ExtResource("7_v1ew1")]
transform = Transform3D(-1, 0, 8.742278e-08, 0, 1, 0, -8.742278e-08, 0, -1, 0, 0, 0)

[node name="WallFence2" parent="World" index="9" instance=ExtResource("8_f6ly1")]

[node name="TreeTile" parent="World" index="10" instance=ExtResource("9_w23y8")]
transform = Transform3D(-0.83130467, 0, 0.4157835, 0, 0.80763483, 0, -0.55581695, 0, -0.6218644, 4.651667, 0.28792655, 11.941536)

[node name="Benches" parent="World" index="11" instance=ExtResource("10_3spmo")]
transform = Transform3D(-1, 0, 8.742278e-08, 0, 1, 0, -8.742278e-08, 0, -1, -4.69534, -0.047543168, 4.7069883)

[node name="PostLanternLantern5" parent="World" index="12" instance=ExtResource("11_vjvmq")]
transform = Transform3D(-1, 0, 8.742278e-08, 0, 1, 0, -8.742278e-08, 0, -1, 4.4682746, 0.64525056, 1.959784)

[node name="PathWayT" parent="World" index="13" instance=ExtResource("15_f6ly1")]

[node name="Gravestone" type="MeshInstance3D" parent="World" index="14"]
transform = Transform3D(1, 0, 0, 0, 1, 0, 0, 0, 1, -8.521905, 0.5, -4.9243608)
mesh = ExtResource("4_vjvmq")
skeleton = NodePath("../..")

[node name="GraveA3" type="MeshInstance3D" parent="World" index="15"]
transform = Transform3D(1, 0, 0, 0, 1, 0, 0, 0, 1, -3.4167066, 0.5, -7.140844)
mesh = ExtResource("5_g4bx8")
skeleton = NodePath("../..")

[node name="GraveADestroyed" type="MeshInstance3D" parent="World" index="16"]
transform = Transform3D(1, 0, 0, 0, 1, 0, 0, 0, 1, -8.074419, 0.5, -6.9171233)
mesh = ExtResource("6_ork1a")
skeleton = NodePath("../..")

[node name="GraveB5" type="MeshInstance3D" parent="World" index="17"]
transform = Transform3D(1, 0, 0, 0, 1, 0, 0, 0, 1, -3.7004664, 0.50000095, -4.5894694)
mesh = ExtResource("7_hplq5")
skeleton = NodePath("../..")

[node name="GraveB7" type="MeshInstance3D" parent="World" index="18"]
transform = Transform3D(0.9333112, 0, -0.35906848, 0, 1, 0, 0.35906848, 0, 0.9333112, -5.4224916, 0.50000095, -5.662849)
mesh = ExtResource("7_hplq5")
skeleton = NodePath("../..")

[node name="StaticBody3D" type="StaticBody3D" parent="World/GraveB7" index="0"]

[node name="CollisionShape3D" type="CollisionShape3D" parent="World/GraveB7/StaticBody3D" index="0"]
transform = Transform3D(0.9255848, 0, 0.37853497, 0, 1, 0, -0.37853497, 0, 0.9255848, -0.5204382, 0.9331665, -0.11129975)
shape = SubResource("BoxShape3D_f6ly1")
