[gd_scene load_steps=19 format=3 uid="uid://u4be6frdxh7"]

[ext_resource type="PackedScene" uid="uid://1v6tvwpp3els" path="res://scenes/chunks/chunck_master.tscn" id="1_27p6j"]
[ext_resource type="PackedScene" uid="uid://b444y86ra1rlf" path="res://scenes/chunks/cemetery/floor.tscn" id="2_g7i6g"]
[ext_resource type="ArrayMesh" uid="uid://darbc3jpnm4jt" path="res://assets/obj/path_A.obj" id="3_lndcs"]
[ext_resource type="ArrayMesh" uid="uid://lmv1jpmaswwc" path="res://assets/obj/post_lantern.obj" id="4_mc854"]
[ext_resource type="ArrayMesh" uid="uid://b0o22p3ocs65w" path="res://assets/obj/post_lantern_lantern.obj" id="5_b50dt"]
[ext_resource type="ArrayMesh" uid="uid://cqj8h61lpngme" path="res://assets/obj/bench.obj" id="6_7e5tk"]
[ext_resource type="ArrayMesh" uid="uid://byafm8kpviyxn" path="res://assets/obj/candle.obj" id="11_esqv5"]
[ext_resource type="ArrayMesh" uid="uid://cejvf2xcywlao" path="res://assets/obj/skull.obj" id="14_yulgf"]
[ext_resource type="ArrayMesh" uid="uid://b16m0u83anknx" path="res://assets/obj/pumpkin_orange_jackolantern.obj" id="15_80wdu"]
[ext_resource type="ArrayMesh" uid="uid://dujs6fucmh46" path="res://assets/obj/skull_candle.obj" id="15_snsyd"]
[ext_resource type="ArrayMesh" uid="uid://bmm3c22vpp6u" path="res://assets/obj/pumpkin_yellow_jackolantern.obj" id="16_nr16i"]
[ext_resource type="ArrayMesh" uid="uid://ba7op8ujr8aff" path="res://assets/obj/shrine.obj" id="16_pului"]
[ext_resource type="ArrayMesh" uid="uid://c8fcrix8xq8r4" path="res://assets/obj/pumpkin_orange.obj" id="17_4sbsn"]
[ext_resource type="ArrayMesh" uid="uid://brsc8o5pdho8w" path="res://assets/obj/pumpkin_yellow_small.obj" id="18_u7ntk"]
[ext_resource type="ArrayMesh" uid="uid://ce8upbtr67a8j" path="res://assets/obj/pumpkin_yellow.obj" id="19_2qot2"]
[ext_resource type="ArrayMesh" uid="uid://2dn23w1ejf3u" path="res://assets/obj/pumpkin_orange_small.obj" id="20_jsji3"]

[sub_resource type="BoxMesh" id="BoxMesh_rkt2a"]
size = Vector3(0.1, 5, 20)

[sub_resource type="ConcavePolygonShape3D" id="ConcavePolygonShape3D_rkt2a"]
data = PackedVector3Array(-0.049999997, 2.5, 10, 0.049999997, 2.5, 10, -0.049999997, -2.5, 10, 0.049999997, 2.5, 10, 0.049999997, -2.5, 10, -0.049999997, -2.5, 10, 0.049999997, 2.5, -10, -0.049999997, 2.5, -10, 0.049999997, -2.5, -10, -0.049999997, 2.5, -10, -0.049999997, -2.5, -10, 0.049999997, -2.5, -10, 0.049999997, 2.5, 10, 0.049999997, 2.5, -10, 0.049999997, -2.5, 10, 0.049999997, 2.5, -10, 0.049999997, -2.5, -10, 0.049999997, -2.5, 10, -0.049999997, 2.5, -10, -0.049999997, 2.5, 10, -0.049999997, -2.5, -10, -0.049999997, 2.5, 10, -0.049999997, -2.5, 10, -0.049999997, -2.5, -10, 0.049999997, 2.5, 10, -0.049999997, 2.5, 10, 0.049999997, 2.5, -10, -0.049999997, 2.5, 10, -0.049999997, 2.5, -10, 0.049999997, 2.5, -10, -0.049999997, -2.5, 10, 0.049999997, -2.5, 10, -0.049999997, -2.5, -10, 0.049999997, -2.5, 10, 0.049999997, -2.5, -10, -0.049999997, -2.5, -10)

[node name="CemeteryTopRight1" instance=ExtResource("1_27p6j")]

[node name="Wall" type="MeshInstance3D" parent="World" index="0"]
transform = Transform3D(1, 0, 0, 0, 1, 0, 0, 0, 1, -10.103033, 2.5516224, 0)
mesh = SubResource("BoxMesh_rkt2a")

[node name="StaticBody3D" type="StaticBody3D" parent="World/Wall" index="0"]

[node name="CollisionShape3D" type="CollisionShape3D" parent="World/Wall/StaticBody3D" index="0"]
shape = SubResource("ConcavePolygonShape3D_rkt2a")

[node name="Wall2" type="MeshInstance3D" parent="World" index="1"]
transform = Transform3D(-4.371139e-08, 0, 1, 0, 1, 0, -1, 0, -4.371139e-08, -0.05505562, 2.5516224, 9.982595)
mesh = SubResource("BoxMesh_rkt2a")

[node name="StaticBody3D" type="StaticBody3D" parent="World/Wall2" index="0"]

[node name="CollisionShape3D" type="CollisionShape3D" parent="World/Wall2/StaticBody3D" index="0"]
shape = SubResource("ConcavePolygonShape3D_rkt2a")

[node name="Floor" parent="World" index="2" instance=ExtResource("2_g7i6g")]
transform = Transform3D(1, 0, 0, 0, 1, 0, 0, 0, 1, 0.0024676323, 0.51259184, 0.00846386)

[node name="PathA2" type="MeshInstance3D" parent="World" index="3"]
transform = Transform3D(1, 0, 0, 0, 1, 0, 0, 0, 1, -9, 0.537, -1)
mesh = ExtResource("3_lndcs")
skeleton = NodePath("../../..")

[node name="PathA4" type="MeshInstance3D" parent="World" index="4"]
transform = Transform3D(1, 0, 0, 0, 1, 0, 0, 0, 1, -7, 0.537, -1)
mesh = ExtResource("3_lndcs")
skeleton = NodePath("../../..")

[node name="PathA5" type="MeshInstance3D" parent="World" index="5"]
transform = Transform3D(1, 0, 0, 0, 1, 0, 0, 0, 1, -5, 0.537, -1)
mesh = ExtResource("3_lndcs")
skeleton = NodePath("../../..")

[node name="PathA16" type="MeshInstance3D" parent="World" index="6"]
transform = Transform3D(1, 0, 0, 0, 1, 0, 0, 0, 1, -3, 0.537, -1)
mesh = ExtResource("3_lndcs")
skeleton = NodePath("../../..")

[node name="PathA17" type="MeshInstance3D" parent="World" index="7"]
transform = Transform3D(1, 0, 0, 0, 1, 0, 0, 0, 1, -1, 0.537, -1)
mesh = ExtResource("3_lndcs")
skeleton = NodePath("../../..")

[node name="PathA23" type="MeshInstance3D" parent="World" index="8"]
transform = Transform3D(1, 0, 0, 0, 1, 0, 0, 0, 1, -1, 0.5371671, -3)
mesh = ExtResource("3_lndcs")
skeleton = NodePath("../../..")

[node name="PathA24" type="MeshInstance3D" parent="World" index="9"]
transform = Transform3D(1, 0, 0, 0, 1, 0, 0, 0, 1, -1, 0.5371671, -5)
mesh = ExtResource("3_lndcs")
skeleton = NodePath("../../..")

[node name="PathA25" type="MeshInstance3D" parent="World" index="10"]
transform = Transform3D(1, 0, 0, 0, 1, 0, 0, 0, 1, -1, 0.5371671, -7)
mesh = ExtResource("3_lndcs")
skeleton = NodePath("../../..")

[node name="PathA26" type="MeshInstance3D" parent="World" index="11"]
transform = Transform3D(1, 0, 0, 0, 1, 0, 0, 0, 1, -1, 0.5371671, -9)
mesh = ExtResource("3_lndcs")
skeleton = NodePath("../../..")

[node name="PathA18" type="MeshInstance3D" parent="World" index="12"]
transform = Transform3D(1, 0, 0, 0, 1, 0, 0, 0, 1, 1, 0.537, -1)
mesh = ExtResource("3_lndcs")
skeleton = NodePath("../../..")

[node name="PathA32" type="MeshInstance3D" parent="World" index="13"]
transform = Transform3D(1, 0, 0, 0, 1, 0, 0, 0, 1, -1, 0.537, 1)
mesh = ExtResource("3_lndcs")
skeleton = NodePath("../../..")

[node name="PathA33" type="MeshInstance3D" parent="World" index="14"]
transform = Transform3D(1, 0, 0, 0, 1, 0, 0, 0, 1, 1, 0.537, 1)
mesh = ExtResource("3_lndcs")
skeleton = NodePath("../../..")

[node name="PathA34" type="MeshInstance3D" parent="World" index="15"]
transform = Transform3D(1, 0, 0, 0, 1, 0, 0, 0, 1, -1, 0.537, 3)
mesh = ExtResource("3_lndcs")
skeleton = NodePath("../../..")

[node name="PathA35" type="MeshInstance3D" parent="World" index="16"]
transform = Transform3D(1, 0, 0, 0, 1, 0, 0, 0, 1, 1, 0.537, 3)
mesh = ExtResource("3_lndcs")
skeleton = NodePath("../../..")

[node name="PathA36" type="MeshInstance3D" parent="World" index="17"]
transform = Transform3D(1, 0, 0, 0, 1, 0, 0, 0, 1, -1, 0.537, 5)
mesh = ExtResource("3_lndcs")
skeleton = NodePath("../../..")

[node name="PathA37" type="MeshInstance3D" parent="World" index="18"]
transform = Transform3D(1, 0, 0, 0, 1, 0, 0, 0, 1, 1, 0.537, 5)
mesh = ExtResource("3_lndcs")
skeleton = NodePath("../../..")

[node name="PathA38" type="MeshInstance3D" parent="World" index="19"]
transform = Transform3D(1, 0, 0, 0, 1, 0, 0, 0, 1, -1, 0.537, 7)
mesh = ExtResource("3_lndcs")
skeleton = NodePath("../../..")

[node name="PathA39" type="MeshInstance3D" parent="World" index="20"]
transform = Transform3D(1, 0, 0, 0, 1, 0, 0, 0, 1, 1, 0.537, 7)
mesh = ExtResource("3_lndcs")
skeleton = NodePath("../../..")

[node name="PathA40" type="MeshInstance3D" parent="World" index="21"]
transform = Transform3D(1, 0, 0, 0, 1, 0, 0, 0, 1, -1, 0.537, 9)
mesh = ExtResource("3_lndcs")
skeleton = NodePath("../../..")

[node name="PathA41" type="MeshInstance3D" parent="World" index="22"]
transform = Transform3D(1, 0, 0, 0, 1, 0, 0, 0, 1, 1, 0.537, 9)
mesh = ExtResource("3_lndcs")
skeleton = NodePath("../../..")

[node name="PathA28" type="MeshInstance3D" parent="World" index="23"]
transform = Transform3D(1, 0, 0, 0, 1, 0, 0, 0, 1, 1, 0.5371671, -3)
mesh = ExtResource("3_lndcs")
skeleton = NodePath("../../..")

[node name="PathA29" type="MeshInstance3D" parent="World" index="24"]
transform = Transform3D(1, 0, 0, 0, 1, 0, 0, 0, 1, 1, 0.5371671, -5)
mesh = ExtResource("3_lndcs")
skeleton = NodePath("../../..")

[node name="PathA30" type="MeshInstance3D" parent="World" index="25"]
transform = Transform3D(1, 0, 0, 0, 1, 0, 0, 0, 1, 1, 0.5371671, -7)
mesh = ExtResource("3_lndcs")
skeleton = NodePath("../../..")

[node name="PathA31" type="MeshInstance3D" parent="World" index="26"]
transform = Transform3D(1, 0, 0, 0, 1, 0, 0, 0, 1, 1, 0.5371671, -9)
mesh = ExtResource("3_lndcs")
skeleton = NodePath("../../..")

[node name="PathA19" type="MeshInstance3D" parent="World" index="27"]
transform = Transform3D(1, 0, 0, 0, 1, 0, 0, 0, 1, 3.011743, 0.537, -1)
mesh = ExtResource("3_lndcs")
skeleton = NodePath("../../..")

[node name="PathA20" type="MeshInstance3D" parent="World" index="28"]
transform = Transform3D(1, 0, 0, 0, 1, 0, 0, 0, 1, 5, 0.537, -1)
mesh = ExtResource("3_lndcs")
skeleton = NodePath("../../..")

[node name="PathA21" type="MeshInstance3D" parent="World" index="29"]
transform = Transform3D(1, 0, 0, 0, 1, 0, 0, 0, 1, 7, 0.537, -1)
mesh = ExtResource("3_lndcs")
skeleton = NodePath("../../..")

[node name="PathA22" type="MeshInstance3D" parent="World" index="30"]
transform = Transform3D(1, 0, 0, 0, 1, 0, 0, 0, 1, 9, 0.537, -1)
mesh = ExtResource("3_lndcs")
skeleton = NodePath("../../..")

[node name="PostLantern" type="MeshInstance3D" parent="World" index="31"]
transform = Transform3D(-4.371139e-08, 0, 1, 0, 1, 0, -1, 0, -4.371139e-08, -2.0601974, 0.5, 5.922091)
mesh = ExtResource("4_mc854")
skeleton = NodePath("../../..")

[node name="PostLantern2" type="MeshInstance3D" parent="World" index="32"]
transform = Transform3D(-4.371139e-08, 0, 1, 0, 1, 0, -1, 0, -4.371139e-08, -2.274926, 0.5, 1.9227029)
mesh = ExtResource("4_mc854")
skeleton = NodePath("../../..")

[node name="PostLantern3" type="MeshInstance3D" parent="World" index="33"]
transform = Transform3D(-4.371139e-08, 0, 1, 0, 1, 0, -1, 0, -4.371139e-08, -2.275, 0.5, -6.047)
mesh = ExtResource("4_mc854")
skeleton = NodePath("../../..")

[node name="PostLantern4" type="MeshInstance3D" parent="World" index="34"]
transform = Transform3D(1.1924881e-08, 0, -1, 0, 1, 0, 1, 0, 1.1924881e-08, 2.2755089, 0.5, -6.047282)
mesh = ExtResource("4_mc854")
skeleton = NodePath("../../..")

[node name="PostLantern5" type="MeshInstance3D" parent="World" index="35"]
transform = Transform3D(1.1924881e-08, 0, -1, 0, 1, 0, 1, 0, 1.1924881e-08, 2.2755089, 0.5, 1.9085894)
mesh = ExtResource("4_mc854")
skeleton = NodePath("../../..")

[node name="PostLantern6" type="MeshInstance3D" parent="World" index="36"]
transform = Transform3D(1.1924881e-08, 0, -1, 0, 1, 0, 1, 0, 1.1924881e-08, 2.2755089, 0.5, 5.9285336)
mesh = ExtResource("4_mc854")
skeleton = NodePath("../../..")

[node name="PostLanternLantern" type="MeshInstance3D" parent="World" index="37"]
transform = Transform3D(1, 0, 0, 0, 1, 0, 0, 0, 1, -1.2327522, 0.5, 0.9688263)
mesh = ExtResource("5_b50dt")
skeleton = NodePath("../../..")

[node name="PostLanternLantern2" type="MeshInstance3D" parent="World" index="38"]
transform = Transform3D(1, 0, 0, 0, 1, 0, 0, 0, 1, 1.0837502, 0.5, 0.92022824)
mesh = ExtResource("5_b50dt")
skeleton = NodePath("../../..")

[node name="PostLanternLantern5" type="MeshInstance3D" parent="World" index="39"]
transform = Transform3D(1, 0, 0, 0, 1, 0, 0, 0, 1, 1.1522996, 0.5, -7.0227966)
mesh = ExtResource("5_b50dt")
skeleton = NodePath("../../..")

[node name="PostLanternLantern6" type="MeshInstance3D" parent="World" index="40"]
transform = Transform3D(1, 0, 0, 0, 1, 0, 0, 0, 1, -1.1962729, 0.5, -7.0227966)
mesh = ExtResource("5_b50dt")
skeleton = NodePath("../../..")

[node name="PostLanternLantern3" type="MeshInstance3D" parent="World" index="41"]
transform = Transform3D(1, 0, 0, 0, 1, 0, 0, 0, 1, 1.1498675, 0.5, 4.96033)
mesh = ExtResource("5_b50dt")
skeleton = NodePath("../../..")

[node name="PostLanternLantern4" type="MeshInstance3D" parent="World" index="42"]
transform = Transform3D(1, 0, 0, 0, 1, 0, 0, 0, 1, -0.9530468, 0.5, 4.929705)
mesh = ExtResource("5_b50dt")
skeleton = NodePath("../../..")

[node name="Bench" type="MeshInstance3D" parent="World" index="43"]
transform = Transform3D(1, 0, 0, 0, 1, 0, 0, 0, 1, -5.9548335, 0.5, 0.43588862)
mesh = ExtResource("6_7e5tk")
skeleton = NodePath("../../..")

[node name="Bench3" type="MeshInstance3D" parent="World" index="44"]
transform = Transform3D(1, 0, 0, 0, 1, 0, 0, 0, 1, 4.327296, 0.5, 0.43588862)
mesh = ExtResource("6_7e5tk")
skeleton = NodePath("../../..")

[node name="Bench2" type="MeshInstance3D" parent="World" index="45"]
transform = Transform3D(1, 0, 0, 0, 1, 0, 0, 0, 1, -5.9548335, 0.5, -2.5086646)
mesh = ExtResource("6_7e5tk")
skeleton = NodePath("../../..")

[node name="Bench4" type="MeshInstance3D" parent="World" index="46"]
transform = Transform3D(1, 0, 0, 0, 1, 0, 0, 0, 1, 4.3896165, 0.5, -2.5086646)
mesh = ExtResource("6_7e5tk")
skeleton = NodePath("../../..")

[node name="Candle" type="MeshInstance3D" parent="World" index="47"]
transform = Transform3D(1, 0, 0, 0, 1, 0, 0, 0, 1, -4.4441957, 0.48193073, 0.2431283)
mesh = ExtResource("11_esqv5")
skeleton = NodePath("../..")

[node name="Candle2" type="MeshInstance3D" parent="World" index="48"]
transform = Transform3D(1, 0, 0, 0, 1, 0, 0, 0, 1, -7.422383, 0.48193073, 0.2431283)
mesh = ExtResource("11_esqv5")
skeleton = NodePath("../..")

[node name="Candle5" type="MeshInstance3D" parent="World" index="49"]
transform = Transform3D(1, 0, 0, 0, 1, 0, 0, 0, 1, -4.418771, 0.48193073, -2.40106)
mesh = ExtResource("11_esqv5")
skeleton = NodePath("../..")

[node name="Candle6" type="MeshInstance3D" parent="World" index="50"]
transform = Transform3D(1, 0, 0, 0, 1, 0, 0, 0, 1, -7.396958, 0.48193073, -2.40106)
mesh = ExtResource("11_esqv5")
skeleton = NodePath("../..")

[node name="Candle3" type="MeshInstance3D" parent="World" index="51"]
transform = Transform3D(1, 0, 0, 0, 1, 0, 0, 0, 1, 2.736957, 0.4819312, 0.3665762)
mesh = ExtResource("11_esqv5")
skeleton = NodePath("../..")

[node name="Candle4" type="MeshInstance3D" parent="World" index="52"]
transform = Transform3D(1, 0, 0, 0, 1, 0, 0, 0, 1, 5.818988, 0.4819312, 0.33541727)
mesh = ExtResource("11_esqv5")
skeleton = NodePath("../..")

[node name="Candle7" type="MeshInstance3D" parent="World" index="53"]
transform = Transform3D(1, 0, 0, 0, 1, 0, 0, 0, 1, 2.686108, 0.4819312, -2.4301612)
mesh = ExtResource("11_esqv5")
skeleton = NodePath("../..")

[node name="Candle8" type="MeshInstance3D" parent="World" index="54"]
transform = Transform3D(1, 0, 0, 0, 1, 0, 0, 0, 1, 5.768139, 0.4819312, -2.4613202)
mesh = ExtResource("11_esqv5")
skeleton = NodePath("../..")

[node name="PumpkinOrangeJackolantern" type="MeshInstance3D" parent="World" index="55"]
transform = Transform3D(1, 0, 0, 0, 0.9232236, 0.3842631, 0, -0.3842631, 0.9232236, 4.574176, 0.36251676, 6.1959705)
mesh = ExtResource("15_80wdu")
skeleton = NodePath("../..")

[node name="PumpkinOrangeJackolantern2" type="MeshInstance3D" parent="World" index="56"]
transform = Transform3D(0.51202786, -0.25771064, 0.8193978, -7.450581e-09, 0.95393187, 0.3000233, -0.8589688, -0.15362027, 0.48843968, 4.2057114, 0.23299858, -6.747834)
mesh = ExtResource("15_80wdu")
skeleton = NodePath("../..")

[node name="PumpkinOrangeJackolantern4" type="MeshInstance3D" parent="World" index="57"]
transform = Transform3D(0.8443186, 0.070006266, -0.5312488, 0, 0.9914289, 0.13064733, 0.53584146, -0.11030797, 0.83708173, 9.014308, 0.30379412, -7.9336233)
mesh = ExtResource("15_80wdu")
skeleton = NodePath("../..")

[node name="PumpkinOrangeJackolantern3" type="MeshInstance3D" parent="World" index="58"]
transform = Transform3D(1, 0, 0, 0, 0.84865797, 0.52894205, 0, -0.52894205, 0.84865797, 7.0973086, 0.560436, 7.349904)
mesh = ExtResource("15_80wdu")
skeleton = NodePath("../..")

[node name="PumpkinYellowJackolantern" type="MeshInstance3D" parent="World" index="59"]
transform = Transform3D(0.9661063, -0.08099129, 0.24511026, -0.045660265, 0.8809228, 0.4710522, -0.25407436, -0.46627828, 0.847367, 8.425339, 0.36113435, -4.7219224)
mesh = ExtResource("16_nr16i")
skeleton = NodePath("../..")

[node name="PumpkinYellowJackolantern3" type="MeshInstance3D" parent="World" index="60"]
transform = Transform3D(1, 0, 0, 0, 0.96835274, 0.24958575, 0, -0.24958575, 0.96835274, 5.1815557, 0.35249776, 1.8014579)
mesh = ExtResource("16_nr16i")
skeleton = NodePath("../..")

[node name="PumpkinYellowJackolantern4" type="MeshInstance3D" parent="World" index="61"]
transform = Transform3D(1, 0, 0, 0, 0.9877184, 0.15624483, 0, -0.15624483, 0.9877184, 8.68673, 0.2752508, 4.190103)
mesh = ExtResource("16_nr16i")
skeleton = NodePath("../..")

[node name="PumpkinOrange" type="MeshInstance3D" parent="World" index="62"]
transform = Transform3D(1, 0, 0, 0, 1, 0, 0, 0, 1, 6.9804325, 0.42873713, -4.3170223)
mesh = ExtResource("17_4sbsn")
skeleton = NodePath("../..")

[node name="PumpkinOrange4" type="MeshInstance3D" parent="World" index="63"]
transform = Transform3D(1, 0, 0, 0, 1, 0, 0, 0, 1, 3.7690763, 0.42873713, -4.498019)
mesh = ExtResource("17_4sbsn")
skeleton = NodePath("../..")

[node name="PumpkinOrange2" type="MeshInstance3D" parent="World" index="64"]
transform = Transform3D(1, 0, 0, 0, 1, 0, 0, 0, 1, 8.751962, 0.42873618, 1.5035319)
mesh = ExtResource("17_4sbsn")
skeleton = NodePath("../..")

[node name="PumpkinOrange3" type="MeshInstance3D" parent="World" index="65"]
transform = Transform3D(1, 0, 0, 0, 1, 0, 0, 0, 1, 6.771239, 0.42873618, 5.150559)
mesh = ExtResource("17_4sbsn")
skeleton = NodePath("../..")

[node name="PumpkinYellowJackolantern2" type="MeshInstance3D" parent="World" index="66"]
transform = Transform3D(0.99524474, -0.03213303, 0.091952235, 0.012291072, 0.9779027, 0.20869896, -0.09662646, -0.20657635, 0.9736475, 6.743421, 0.22895491, -7.6339808)
mesh = ExtResource("16_nr16i")
skeleton = NodePath("../..")

[node name="PumpkinYellowJackolantern5" type="MeshInstance3D" parent="World" index="67"]
transform = Transform3D(1, 0, 0, 0, 0.99999756, 0.0022165775, 0, -0.0022165775, 0.99999756, 4.300896, 0.4562068, 3.3776639)
mesh = ExtResource("16_nr16i")
skeleton = NodePath("../..")

[node name="PumpkinYellowSmall" type="MeshInstance3D" parent="World" index="68"]
transform = Transform3D(1, 0, 0, 0, 1, 0, 0, 0, 1, 4.906228, 0.47543216, -5.011785)
mesh = ExtResource("18_u7ntk")
skeleton = NodePath("../..")

[node name="PumpkinYellow" type="MeshInstance3D" parent="World" index="69"]
transform = Transform3D(1, 0, 0, 0, 1, 0, 0, 0, 1, 7.4426513, 0.46987134, 2.3149085)
mesh = ExtResource("19_2qot2")
skeleton = NodePath("../..")

[node name="PumpkinOrangeSmall" type="MeshInstance3D" parent="World" index="70"]
transform = Transform3D(1, 0, 0, 0, 1, 0, 0, 0, 1, 5.6973677, 0.43128526, 8.339909)
mesh = ExtResource("20_jsji3")
skeleton = NodePath("../..")

[node name="Skull" type="MeshInstance3D" parent="World" index="71"]
transform = Transform3D(0.9908565, -0.04521257, 0.12711905, 0, 0.94218034, 0.3351063, -0.13492009, -0.33204225, 0.9335655, -5.2771964, 0.35075688, 3.0816243)
mesh = ExtResource("14_yulgf")
skeleton = NodePath("../..")

[node name="Skull5" type="MeshInstance3D" parent="World" index="72"]
transform = Transform3D(0.8045623, 0, 0.5938684, 0, 1, 0, -0.5938684, 0, 0.8045623, -3.4886787, 0.34337187, -3.9552977)
mesh = ExtResource("14_yulgf")
skeleton = NodePath("../..")

[node name="Skull2" type="MeshInstance3D" parent="World" index="73"]
transform = Transform3D(0.6588939, -0.039167494, 0.7512156, -0.19168314, 0.95693535, 0.21801949, -0.72740394, -0.287647, 0.62301105, -7.0617056, 0.3320462, -4.8641315)
mesh = ExtResource("14_yulgf")
skeleton = NodePath("../..")

[node name="Skull3" type="MeshInstance3D" parent="World" index="74"]
transform = Transform3D(0.79671687, 0.3087155, 0.51955473, -0.3404756, 0.9395574, -0.03617198, -0.49931836, -0.14807685, 0.8536713, -7.897554, 0.38477945, 5.3103256)
mesh = ExtResource("14_yulgf")
skeleton = NodePath("../..")

[node name="Skull4" type="MeshInstance3D" parent="World" index="75"]
transform = Transform3D(0.9908565, 0.0553949, 0.12302372, 3.7252903e-09, 0.91182655, -0.4105757, -0.13492009, 0.40682155, 0.9034893, -5.6672235, 0.7812499, 6.754931)
mesh = ExtResource("14_yulgf")
skeleton = NodePath("../..")

[node name="SkullCandle" type="MeshInstance3D" parent="World" index="76"]
transform = Transform3D(1, 0, 0, 0, 1, 0, 0, 0, 1, -2.626467, 0.39834142, 0.5698798)
mesh = ExtResource("15_snsyd")
skeleton = NodePath("../..")

[node name="SkullCandle5" type="MeshInstance3D" parent="World" index="77"]
transform = Transform3D(0.740488, 0, -0.6720696, 0, 1, 0, 0.6720696, 0, 0.740488, -8.619333, 0.3194704, -7.00089)
mesh = ExtResource("15_snsyd")
skeleton = NodePath("../..")

[node name="SkullCandle2" type="MeshInstance3D" parent="World" index="78"]
transform = Transform3D(1, 0, 0, 0, 0.85574377, 0.51739985, 0, -0.51739985, 0.85574377, -3.5327547, 0.098311186, 5.1081605)
mesh = ExtResource("15_snsyd")
skeleton = NodePath("../..")

[node name="SkullCandle3" type="MeshInstance3D" parent="World" index="79"]
transform = Transform3D(0.86918443, 0.09248827, -0.48576164, 7.450581e-09, 0.9823526, 0.18703842, 0.49448812, -0.16257088, 0.85384566, -8.257599, 0.43239862, 2.7679703)
mesh = ExtResource("15_snsyd")
skeleton = NodePath("../..")

[node name="SkullCandle4" type="MeshInstance3D" parent="World" index="80"]
transform = Transform3D(1, 0, 0, 0, 1, 0, 0, 0, 1, -4.72208, 0.19790936, -6.455651)
mesh = ExtResource("15_snsyd")
skeleton = NodePath("../..")

[node name="Shrine" type="MeshInstance3D" parent="World" index="81"]
transform = Transform3D(0.66651946, 0, -0.74548763, 0, 1, 0, 0.74548763, 0, 0.66651946, -8.3305855, 0.574191, 8.6513815)
mesh = ExtResource("16_pului")
skeleton = NodePath("../..")
