[gd_scene load_steps=10 format=3 uid="uid://dw8matv6q6phn"]

[ext_resource type="PackedScene" uid="uid://1v6tvwpp3els" path="res://scenes/chunks/chunck_master.tscn" id="1_mqi3k"]
[ext_resource type="PackedScene" uid="uid://b444y86ra1rlf" path="res://scenes/chunks/cemetery/floor.tscn" id="2_xvsux"]
[ext_resource type="PackedScene" uid="uid://dbclt423kb5td" path="res://scenes/PreFabs/wall_fence_HHHHH.tscn" id="3_tmd3f"]
[ext_resource type="PackedScene" uid="uid://bax76itqhjh3l" path="res://scenes/PreFabs/wall_arc_OHH.tscn" id="4_n8sqw"]
[ext_resource type="PackedScene" uid="uid://bjeuwxutt8qfx" path="res://scenes/PreFabs/wall_fence_HOOHO.tscn" id="5_wiyan"]
[ext_resource type="PackedScene" uid="uid://cghu0f7r1yoef" path="res://scenes/PreFabs/dead_tree_set.tscn" id="6_fdgiw"]
[ext_resource type="PackedScene" uid="uid://bn5rqkragfj0y" path="res://scenes/PreFabs/tree_tile_mmss.tscn" id="7_usi3t"]
[ext_resource type="PackedScene" uid="uid://dhymyujrvoq6" path="res://scenes/PreFabs/tree_tile_Lss.tscn" id="8_ygg78"]
[ext_resource type="PackedScene" uid="uid://dsg3ieupixnkq" path="res://scenes/chunks/cemetery/utils/post_lantern.tscn" id="9_5ksse"]

[node name="CemeteryTopRight1" instance=ExtResource("1_mqi3k")]

[node name="Point" type="Node3D" parent="EggSpawnPoints" index="0"]
transform = Transform3D(1, 0, 0, 0, 1, 0, 0, 0, 1, -3.0779476, 0.44941187, -6.504982)

[node name="Point2" type="Node3D" parent="EggSpawnPoints" index="1"]
transform = Transform3D(1, 0, 0, 0, 1, 0, 0, 0, 1, 8.348582, 0.89882374, 3.2469287)

[node name="Floor" parent="World" index="0" instance=ExtResource("2_xvsux")]
transform = Transform3D(1, 0, 0, 0, 1, 0, 0, 0, 1, 4.7683716e-07, 0.50000024, -4.7683716e-07)

[node name="WallFence" parent="World" index="1" instance=ExtResource("3_tmd3f")]
transform = Transform3D(-4.371139e-08, 0, 1, 0, 1, 0, -1, 0, -4.371139e-08, 0, 0, 0)

[node name="WallFence2" parent="World" index="2" instance=ExtResource("3_tmd3f")]
transform = Transform3D(-1, 0, -8.742278e-08, 0, 1, 0, 8.742278e-08, 0, -1, 0, 0, 0)

[node name="WallFence3" parent="World" index="3" instance=ExtResource("4_n8sqw")]
transform = Transform3D(-4.371139e-08, 0, -1, 0, 1, 0, 1, 0, -4.371139e-08, 0, 0, 0)

[node name="WallFence4" parent="World" index="4" instance=ExtResource("5_wiyan")]

[node name="DeadTreeSet" parent="World" index="5" instance=ExtResource("6_fdgiw")]
transform = Transform3D(1, 0, 0, 0, 1, 0, 0, 0, 1, 0.064460516, 0.15700436, -0.005364895)

[node name="TreeTile" parent="World" index="6" instance=ExtResource("7_usi3t")]
transform = Transform3D(1, 0, 0, 0, 1, 0, 0, 0, 1, -5.4526377, 0.3659661, -1.0873536)

[node name="TreeTile2" parent="World" index="7" instance=ExtResource("8_ygg78")]
transform = Transform3D(0.599778, 0, 0.8001664, 0, 1, 0, -0.8001664, 0, 0.599778, 5.943186, 0.1630907, -10.895492)

[node name="TreeTile3" parent="World" index="8" instance=ExtResource("7_usi3t")]
transform = Transform3D(0.7456922, 0, 0.27664095, 0, 0.8214885, 0, -0.2816695, 0, 0.7323796, -3.9245167, 0.36596707, -9.4312105)

[node name="PostLanternLantern5" parent="World" index="9" instance=ExtResource("9_5ksse")]
transform = Transform3D(0.050335445, 0.58634263, 0.8084979, -0.7468111, 0.55959713, -0.3593387, -0.6631286, -0.5857078, 0.46605468, -5.7908745, 0.30549955, -2.6310806)
skeleton = NodePath("../../../..")

[node name="PostLanternLantern6" parent="World" index="10" instance=ExtResource("9_5ksse")]
transform = Transform3D(0.64629716, -0.571182, -0.5060149, 0, 0.66311663, -0.7485161, 0.76308584, 0.4837638, 0.4285704, 5.1944904, 0.34948182, -2.585853)

[node name="PostLanternLantern7" parent="World" index="11" instance=ExtResource("9_5ksse")]
transform = Transform3D(-0.5795094, 0.250584, 0.7754847, 0.3968916, 0.9178655, -1.4901161e-08, -0.7117907, 0.30778337, -0.6313663, 7.281952, 0.56083727, 9.318825)

[node name="Camera3D" parent="." index="4"]
transform = Transform3D(1, 0, 0, 0, 0.56562924, 0.8246597, 0, -0.8246597, 0.56562924, 0, 8.716505, 9.43907)
